%YAML:1.0
---
camera_matrix: !!opencv-matrix
   rows: 3
   cols: 3
   dt: d
   data: [ 7.0735889646602914e+02, 0., 6.2499358300932192e+02, 0.,
       7.0088068049308151e+02, 2.9925648263653625e+02, 0., 0., 1. ]
distortion_coefficients: !!opencv-matrix
   rows: 1
   cols: 5
   dt: d
   data: [ -3.9110826043834052e-01, 2.8746381699456325e-01,
       2.7642158883311996e-02, 1.1262228587353504e-02,
       -1.5825985966336689e-01 ]
