%YAML:1.0
---
camera_matrix: !!opencv-matrix
   rows: 3
   cols: 3
   dt: d
   data: [ 3.1350128505513953e+02, 0., 3.0206631437188150e+02, 0.,
       3.1268293076125707e+02, 1.6268464695491753e+02, 0., 0., 1. ]
distortion_coefficients: !!opencv-matrix
   rows: 1
   cols: 5
   dt: d
   data: [ -2.8546511123379747e-01, 1.3685099933009642e-01,
       1.4882171719412741e-02, 1.3555669049225252e-02,
       -5.2411521518540151e-02 ]
